$ANSIBLE_VAULT;1.1;AES256
39616165663865323735343636623831316530393033316366313231346363656538633437386531
6230663962323866366438613635643937363361663036660a646461666435656139316537306531
38656235336432646232626166303563313963346163306332616538613362376336313030353537
6639363830623365380a363832383931376435616134373862636462333862366564383038653539
38306438613137646232653639343937353264396432393434326163386563333730386263663461
37373266636136663630313131626137623635613166663935613034613064623038656632393730
62623161663064316139306630313330376361333236386562343539656331383239323961633236
33323835613630393030333439346663626562316632323936303438626464643666316364623931
34356638653939393066613531613535373432323439663032323162653165353363366465666332
64333838613364356434313964346563633630363362626639386335633465646636663332333333
63383366626136303365663833663734653732366137613264663965653936313065336266396231
32383731626137616161346336386638613663636133353734633761343030376337636266313238
36353161633533316237363039303862393965383261616537616336306432366535646435383237
35323636323637346137363665383336346365386633646465396633336365393834343639333136
63313732313437393738623839383836653464366439313935393262633835633763343736626534
62326136376132376562306666303934343961303430646266353735366262653839653865613764
39383831343163333436626263363731306531326338396565333065313530616565323831613766
34643463633736316366613133383539356465313730613238326637396539653038323236623935
36643561346336396435656334383136313365333930373363316335626635383630653239616665
38313232633766366261353864346664346566333933366664626633666632326233336532366239
64633033373663623939336538633731343762663465333264386666373132623266646439636433
33666434313138363161616530636435386136633332646433333533363330373661363731303561
31383335663331616531616230313938343262626462393865383965326363363032366335643963
63616331616338613830303033646331393931303335613034393438393735363335336562663632
66333136623264663734663336613638323735313235303963336239346239336638313033343237
62393735666439313236346562616637363564633938646462663266383631336337643166373161
65333634396532336638323865396537663365386336323237656264356632303237333861386235
66326466356537396164373839396238373839653464383138323137333766616365313134353934
34666165386262626232373537323861386135323830326337353631643233663837376337393963
32303065323135653264613438376533666564656163373966373839316631393432323664383236
35663335616635336530323735393865313538333066366635303661666664383166316335313332
63623139633938396530636565623963653664353865336636393961333963313237616636316137
35646361343365343763303961383562613331613232323131303063306265316139353735663961
62303537613966356238656631623037303632343764313639393566653133653333316164363531
64393261653465373064363731613465396336653634333533356666353032333461643435663263
35396163383332353063366665343736663135316238666335636437633939363139303438656632
33666631346566376131376439343735323430373334346166346365393133343539626538316363
35383335383065613765636261323765393733663231343430313362323730346230336464353130
31646566636266306636346538353136633831653338363062373234386266396332323537353531
62366135646363633462626134643665373236643739363261393930613032636431626432663465
38636238356361353533316138346338323933653633313963343133393437326565653562643633
64386663666365323032353835626331313930336666336235326236313138356663393437373765
31376462633166663437393364356461366539333036346331373761333834326561336530323434
33623265393435386364373134396531393337316364333335333332333464646561303334613135
61616535326335353039633539626539633436323936306363633637656532373739323836393838
32333665386233313235376231383861326361393437303730313264373761373265626536316539
30636137353861343166613766366330306230626535363034656265633466306263356339343939
66386232613862653234376365333765313465396266646331623430666462333531353565383966
32646262383539316639666562303537626665316139343066393438383564666637666332353537
36396135633836643732636138303064323961636537616464656131316335653766613163656231
38323830386433636365643738303432653662666364316532393331373134303333663339373730
30636437663130396165353633333462663135336637316631613438646335663530636165343438
66666564386266303365626336323536363936636135666338313265386131633030626561306438
32613430346662643539386231653265656633313566613063626163636537636537363361343865
31373164376230373336373135323362636562393435636336396665323166363830373039376336
34336139666232383363306162393037346430326164353639666566363632666438353361663539
33356135366261663065663632366263363138383238323636386537643230646365316164323735
66323166336436326535623632643564636636333163633237343037336230646631323034393962
38306261663764343237363637333037356365313439346566326563616537353634616535343866
34633439643132343966386262306339306532376138343137326235616236323839383136336662
33623461323330643962333330653430623530386135633630653461663564343937353039393130
31643532363836343562393164643466373330333837383936396332633462623339393937323439
36653632636439346561643035376565623066303930333532643062656264306664663938353835
36666438373065343831386662633835626161346465316436623539616232343939356531663164
39313634353464663863623530366166353261316139643837656138616366346131636236656436
66373638616435623630613230343037393432656566313537346138396538613439323630316538
61333530643734313837393963363636666132313532346635363339393763393839343963613535
31356536303634383765303662613935346430663738373039393465656665306435363462323630
64373237383930613964353035303964643364363736643733353935353063633431663936633463
33316532653637653835396131646536653264393238383835306335336530306339373033613564
62386332653130633830363663376432666636653030646535396236303462666131396439343630
61613437316633343330383361303963383765376561333537643038633531383639343634646263
33623935633238316435336364343733313133393537636235313766383033383931373761383462
37353965643066303562666163363832393564633163313835383764396333363562386537393539
63333835663234346438633432316663393736616334333439616562633535353965366333343636
30366661366564613235636533333634353764386164366232643630653363326231643131643539
65663732356133633663613866303038623037396532326462316335633365323966313366633964
35626636393434373864643338643832613236353663373561663965613861313635656361356433
35653736386662666635653837613837356239393634393634653639326639363632626465623761
37373436313765623330326534376336346461346630383834396130633137363634353661393935
62366435373232643838353465363935616664386263623733373032643966386435366332383034
66346231333264313830363664386135316236353161613034343636613139356336373661396362
30613636633131646630333763353135643761646533643065623238306131353263316638373961
34363762326331633166636434376332353038326436316339653933313162653332366136386339
61623561656131643237653438616363653365363939376261623661666137363930326230663332
65613761323637303338306262653139646539393138336531343061343666646230373631646463
61346637396630366138373233326266663866336264333538313939633836353539343230383165
30353663373363336132386565353830353733616663653937343665363737356537313065306330
38353063303762636632386563363561363730393262666334313865613131633637613761643534
38363662356238616638623435646637343439303666343934393664373731396361646661313230
31393632616363656662376666643662626139383465633362626162373065623138303831643533
63353836323236653562613466656563333332376164623635616561643561326135323165653739
37313966343736306163356232326534643333326666623834323039396433643763656137643130
65643265326638366238336231616339343931386339633732376663666137666436643231353136
34666662376438623135343634636537636234383435636530306436383033383333653337663966
38303536336363353464393530626539656131323933303765313034343561353161336465666362
32376365353335356161323961363764313938663162333661666632383361613235633936623761
65326331613065383531653963313739353336303331666236636331333165336139663163306263
30323930666334386466363537643739643836376662353330313366316334663762383634393738
34646230633864316464633365653034643464623866323831393436633862633937383938373633
63373365633536383334356135383562666235356536333864346161306465356438396231393131
65326462356463343034613734626434666237373630333933633336316264623064666330303461
36333934663365313864633761626439366638323631663837386531326237316539313636616561
63336362656239633932386636616332636234353639373339313165313531393963656632363831
30393338373434333636623066663538653039316464336566616463623332393932303763633034
35366230663864303839356430633438313065646236396233353830656438653235376130353061
37313937323763666164656661646536626264306530363533356664313034303736616563356465
31643039666562303164366334633564666534386663333438316464313232383939663435613062
38636635633162386630613262353366336638663937643331396331633035313238383836383063
34663063366630333637306662623532343530623031386339396430653634623665353436373763
64663537326139643331643638636165316432666638366139656130333736613132393637336433
63646462373033366433626461613536316564336466613830613837663666333634396534346533
66313465373335636161386364326131353037333037656363633836613362623661303636646637
30663265366337303262356330393036346264386331343633356330333137393135646336323037
63626339656630666635303834393336613365343066303332313861336634653236343032336462
61336139653835613263323038636631343939396336666232326439376337613166396437656261
39313430333335396430376661303238333766363338356362633332363635613639373238393030
32303436623366643232343031386664613939643965393362663934353166386630343061333037
64626233636530316331373965343635633966383636343832383363333532343031653338313031
32313436656566656164613237393535396136653733316165646631313230323134653232366633
6234
