$ANSIBLE_VAULT;1.1;AES256
38616238303637613765636632313332386161616363646232376130383431636231663162636133
3765333465396437656234386632666339386535633837620a323563373662636563653837643938
39633535363066633865336634303531633861323631373062626431303538643233383939393338
3637613937303764650a316630616233326634623039316439663730333764633230346530653631
64306366313733393964336232306634653363646635316434633132333636376438316437376135
66653561333063393931396265376163326232303037316166653337663031396566613265353465
66636362636563633861326134623433333230643534653166316231636138613834386633396132
33353063636565653661326466373733363163353164376463656466393930356362653838663131
63353033626664323565386635663234633063393564333038333335326262626462313835363738
62306636333839303032313832313335353736616233396661343531376535323030643934303532
35306662316132363037326638643965633432376265386561643266313633376163616663303430
34363634666239616566306637633437356630353239656133353834336533353135373339656430
62346432353439343138383463613039373764376261323434396633616338656563663936343030
36636664336165623365643537613963353231333837326566333839363337386561396266653035
61396266386337383538626130393039656238353833386665366634383838336434636161623737
31313733623366343465373532383832323638363338396336623638346164393361393334363139
65353364666430343637333138336430383263393133623735323436346263613031653638636463
65666233633334363630316430616165353031636664636563613936653635336632636362366565
65623465653836626230626563633332393265386531653437636332626133626535656566323537
63323332383536633938663139633462363139363666616264376530623531316338326665626135
32636638663331356662656137643536303539336639616563386634383861326463346431653261
65626231346532626238623337323235333465326632633661636432366535356166363034343365
38363161323565346635323332313963653233646462333263366161666164626432316166646236
33363062316435643835356362393335646363303838383935343366636434643761636162366434
31646633653937643861343838326131333661373035643136636637633432333533333864313833
31666535393737346363303763636462343133636536333862343639303737643364393037653132
63366634316136623936356664363939333833646638353465336634633837653634303038636532
31633465356266623239633834356235346462646539636635643034336130306330643739333230
32326464346664383236353934343830323662326136633261303763306335326436373333333861
30623931373934323837626532646364343036613339383266643434653036343462646661663937
64623066383039626130396637326130313163666430373136633035343966366433326535633338
37663634663863366630303039386133663465363635313064663164643462636564653338366562
66646236336166653135666333363730383663653131366665616336656562656331613066363131
64373464666530336533623961636533373639373831643534636436306634356532653835346637
39346263613235623333626136663934383239336532336265353864353930343663633733633266
61653332353163383632363739303262663035393265393962623931306461613131643334303830
39316333323739313062346133363930613838383064383766616331663766346336383130373463
33663834663830323364346239643066666230666663386434383731633439646636316262386532
31646639666461663336613532396263363166323835313334373265303035316530323665313030
63366432303232623566653538316234626630386432643036653132343234626638376365346231
33633830623230346631666234333362393539646538343731316235356461346639316233656265
33633336323732636466653838386632373464376237383438306263303833316634306337303130
38613866323464353664373633376665396239383830323666353832353330656335666433376239
66633566666637643037356534663865366233376234373865313034616562363133653936303166
32393838643737353066616337303535373834663632653338316632373061366438626330343165
30353538366336653535623031353063623564633439396437356635363031303664623331613961
63393136613037613434326565643665633761323534366332316134623766656231666565633338
34383733646265333632663233666262303732626262393665366365383330343464663036366464
66363736383363306139323035313635633565316664353732653535393839353536376466623863
39326237346332643031383430326164383434656139363566393734663331393839373632376137
38366338303534323764646166663536643030646664326431623738666262303565356136376462
63386337326461306438373064303834343365646264386337323362373235613762303763626536
34303633643564363037646662303065626635643337656335356166313433306132656230313765
33393462363538633064373338346535376565383162343462666337626234383039663037623062
36356537316461393038353533396133623162376162383166366234366132303430346332616539
34343635313466303537653933343236643532623634393264336132643266653235666436633239
36366664313937386631663162306564653966306132313064616530613366653866303539613630
38393035363833663138353735313734663732323036393235643335336634636537353038393231
61313961616435363534303664353330383934376435396130353566363135303965323539626331
61613461376532613064626665356339343237316438306334613661636132373933303834613862
34323631663338613435613435373062326633336133666561663639666239336461643833313033
34373432643430343931303866363431323262666462663735326566343836363333633834633363
35643039616532326163376263626431303538346566643339323065646130663861353762633962
66303363653965613530366138656165626337333061363938303861323264656435663032363765
35653362633061343431663663366561643539386132343266333731616631306234636365366532
32356530663965613663343237363639373138366562336365336532303865303765313065653939
37343762336536646331343934336634666466363961666439343638666364353962353065303538
36313334323438663762633933663062346332323438353762353038323433373461343666313134
34356363623862376462653562366338313635326263643032646331366463396430616138386537
35373239356137333935623462623761366133653562643737653533623162303364346331363333
66303463663235396138383738353563653761383765326661386333653663363730646534376537
32663337343634663839383131616264313730656533663164386166363837343263393063383133
39626635626337363266373164383035633565303532343337643337313435636363303432333761
38613134623762653631313033663130333436376330383430323065666131313634353932306462
32666262333131663264646361393933653865616264393662353364633237653465303330623563
61366639393837313662663732386161393139383337343633636532613234616466323166306132
61376563303664376462363034336331363134386463376538623233623563613464633866633764
30316562363430623761663837376361333637376131343439613437333162343032623161613663
64333330396332633366316232616163313634393030386439376463376361393863326466363864
30393532353631636230333836613232656532363464633166373466353563626566333535386636
66373766353936363631656232323233393466376232613066656364383732356233663535316335
30383936343430363739303661316336316362333133383439383865366465306666376434636338
32663638636137613537663839316433306236336366363463653662313363623930343365363738
38326331316132626135303163333834363330633863633165386631613766663639366262396630
64353436353537636165626563383835353961663735333338633362323535356137666462336439
37623961646162323335656237393462626666643839663839333731346335313934343039353532
32326234303131393334346336616436373064373164663239616334656164653436623837663339
35633665316632343366636164346665396639373639386536373266343838383634343032393761
30646464323932623938313137613166363330303465353363386565306538313661363565313238
37393262343135666136306638323437653033623261353035613538396135646334336231663836
38346437323337343465383765316139363161303766613431386131643834643539323364336439
61373164386332353730663332306130363638653066373832383562303766313863623833363734
33643462636337316162646636386139626430663932653863376263643665626637633237326363
63363034376639383664366234306237306363383130323635633133336333616462326331383965
33666436353566366430663838333162616464316237356330656663356566663931333365306263
39613031333034623766636435393438626264646164393463616265666363356438386463356437
33643463363930666238326632366138656365633465306232616434646562393866366466663837
62303336303662653930613831346532613265643765363538653731393730373232666231346430
33313835353338653936383865396630393362386232646164313631393765393062613830373061
32366536336530663531333366313331303866653234636336623566353733393064393533633662
63643336633837363262663439633561633663646664366330623634393435333165323938656462
65386434353866366162643936303533653438633266633731653035393433306638633662323064
34623232666236306566633136653439653930313338636432373230613563393932356636353633
30616164386238376237353266636461303230333065623766333564343836323335303836633435
65336137333032373430306631306163663666613665353935303561383265383064626262653739
62333462613333666532636536313661303630313663613935666162616635376231303031643938
62366466333761373936383266316363323630613138356133616232633963343532353961313162
64636333353738653466313630653534626633653437363638373433656364643332613164313835
38663761613932626137353230663934333664653039383463623162386135633766626463363437
65633332386166616164383963306465366337656530643030376235303634346365633135336461
38373133613362363665313264636431343565643064626637616266646163346236303731663433
61653938636637393232633434633337343363633434613464373837363131326239356636386165
37633432323666376132633938336465306663323861623866336236613936353635336530323938
39633539303539666134323232313637656336653264373332393237326133323330346430326166
34613062393636336335663863613966383562663037643432343966363431346235373331363839
62333537613536336531616336373237353865643462303861663066633630616331373031663365
34643861303431363831303135623634646266316132346664613466303066633133386561663038
37326333616539613931616564626437316263393630623937396665626363373438653736306535
37613538613132663562376162363932623730396435343266613637306634376434623064653766
35613335343639393266393933633062383635666366386565663435623637366638313737333831
36636132346562366430343061333866383564396466656261646531383964643739356138613838
65636131396464336562383434666533623637306166363262366262356331333434653634306362
63343837303538613837363334323537613239323335396161663233613633316537336237613461
35626466343037393332386133623739626638393233396433316332653437383831376361396331
66656233363132626563613132323830643734393433383333653732356139373739303033313130
36653137356465363363646537666263363531393535633539376533333535396533333639366133
36313530343539643539363534646161336432623132323864366365626134346238373739376266
62383138326564346561633532643932653333653830636634303065653864663761613862613866
31393766636661633730323361313632653165313432323736373765303638316238653831383830
37393334316462356261656266343437333163346163373662343264326334313165353731643537
66373338393361383536646133393632336461333265306663323935663464333235343164643337
34343163306430396239396430356633356132623665303866386162383939343463643734303466
30313535633063396436613036303636633534383331313932306365333030633066623065336235
39653731353137393762323335323133333161666666666263653663303361633964626164323733
30353538373339343435396132333632396462386263356433626666386234326530626466653962
30343864343363383664396232396364363134356235333365646262646435323735666662353039
6562
