$ANSIBLE_VAULT;1.1;AES256
35623937633861646535326435343161343138633239306238663664623430663137626531306565
6339333662653866626532306232396136646464336231320a613365653938303431343364626237
32363539663961383661346430633934313035663937316666356534363565313063373465616635
3438383930376133380a626237336465346465653762653735616331383936353730306436376433
66623833346332343932663933656666313430366236353436353432353366393632613165353238
36313837393733346430343132343464663633333433333763616164346532373936346363326637
61373464373432313536303962383965653937326235323264313164663961333035656431646262
30363230616135363236393633383461333139613861393763653031356333363362623632303938
38383032653338323332333961623834376532663233633336306462663964366334363135393136
35616263653462353066303265376639376634363738366463353961393161386530616339326361
36383864643930653166343235653662336638373766333237656535633132373363303463343736
37626136336336633363616661303439643736653535396632646631633834313866353036303662
39363339643232303234386633656665303231613935366137646132656235336264646539363065
61303162313531333061316263653238346139393066363639303564336333616535363437613562
62316262303861306532323965616366633163656239366266393031643161333866353466653434
30373031363562326638643931633539333264663639323039373535333361333538623164666361
65623037623665323137376662666332666630643466323863663361363466643439346463303263
39316335656666636432373563383637666537653734393536363439383534653739383937613738
34363763613332396165356233666537343531356563306632346231303761343733383034323630
39633530303337333164626139646632353432383336383337386230356531636364306265396561
64623662363163633430366335366339313964333830666164343534643539313433333762346539
66386636653731326662653534646132396132303134646338363965356537646537643338376166
65373562396336373961616232666464666435333632383064363039643935396638393539353132
62356366663063373131316534623134373136356434313632316662376133373165653566326630
36393632383638623762373532373337633966656363356263666536373135383631656338613365
35396337346430336139333539623635323332366636366539353530363462343236666137316238
64633432313661333335626439663634633363653235666462393635356137616630393335616630
32313831383262373533326331353031383266363233333230656535323465626333663936616161
33373161333637363637323332363564326366623466666630393462346235386239643964323135
61383661396439303237313533653432323730636232393534333266636439313736643361303332
36393035633865386631333732643031306639613561323461353663613639643362656230383534
61333037313261653536666539376563313237663033313430396462643136356363313335366638
62396334366330313836306664323335663765363535333333373336656433633131666162336264
34386430336637613639353032656566303365346363626130393737623631366363613062633530
33353435323138363335656536663033373030666438353234623733363935343861663239373233
32333830343232316133613639613437613334623362336131316165313866613733373662653434
35613930393636663637393635336333656334633565363038343461323834303064396336373338
36316131613634643731363134656665356663643335646563336133666631383063653965666339
35653333323536663932653032613662656263383832303832656132376164633331346133313633
39316364336561323061626466386638366638396430653630616331656430623138636235306332
37396236376661393566323032633838656231303338396235396331623165373835623865323134
63393730363964393665653136643666383666613336326562303161303239343236373335366566
30616336633433333832363030393430363761396532343638386363623239353735386432373165
37663838363864633630323639656638646634333064356163326630373235306334303530333465
34383566626263636539386533326139626361613866356263373837386437643031643061343135
63366231383961663034393433633534313338336363313363663333636664396631313235356634
65623937646662623639366665373738303832353464646162346631353338633066643865633737
61643631633139636265623138323437643461663236626238663137376364356130343265306565
64373464623864366437353465663233373162623438663036333363383937353535353562623565
36306638373265663839303230313136346661373235633638613863306238363637316235303036
63306330313465346531663231326361643938396633623865356334346261353161313039663832
31623337313165303761323966356333633738333232616535663061323436633435336137633530
64663031613638636166316462376263333335343132326639323564653838653033326339303739
35616338306435613561373336626338653530393861663461636265326230366330643939386533
31653664316366613564643962613730323030363364633562393962646361613437663330613431
36313837323336336165323235363065646164373863656561336330313030316337643963383662
30343365666165393838373637313635663532313539396261356561383335646336616430313462
33336137363831623433326439343134303138313765336532363733626362343832363730393430
37313762613937366539643238656636633966353937396633626532326131623464323630623933
37623833376331636535343234333439613431356165303534306234646531303863313336316533
62363761376662376330326631626261323361633061663263363662323163643764633238666230
37633438313133653962326164383565633765313563616132393763386339316638663737646138
64366437373964666136373065386561613037663463316533353437656563383339343865386262
38343336393036396463373938646461626130313737373032613466633461396165303864393137
38636361353231633439326233643633313865316137643637666434356231373966383464666135
63623632396362656665353438646237326532613265616430636264646630386532613338323530
38653838653631323336656430613065393536393361616666393963313231373234633734326134
36616438353934383937663731326539633736363137373231656161396665633262663861626366
35396662326262323365633164393836356238303836663438383535663662373338376263613865
35363230633865663933386539383130346639343434633735633339303763363638316563663630
65343061323033363936653533343031376239326335313038646134633961653530383161353364
61393831343336626465303530653836393739396338343430373065373237326331613161333731
64396438646536313330666636613032326634373164613736646236383562643438323964376562
35383865343239333334616533396530363966316264613736623638666163393534366136323230
39336633366362643934373162306133353063303433316536616362653164646337333534386439
30373862366630656166323266373938633632623232306330626232373933323038623035306464
62393065313964646465323432313732666565326665333130363365636664396638363033356331
63643432633961323437373735663132396434623235303330396236303063376532626138376533
31353832636336336139633530313332303565656235363866373138333134623764613636626232
36366462626338633833653934306636326266663536346339636134343962653164633039333035
35313535393431363461383630666162376663363438306664653361653662306339316665613937
33346265616666373165333037346335656233376139373730343135366433353962393337623362
35623034336237643134623639313966376333363632323261356661343665323866376633633430
66393939376463326537383534306534613561653963393234623861373764303532326666666631
62393735393366653463633861353930623431386537383762633135613262613636393530356664
30633962646264633765363531643537313337646135613133393932646331323032323338353361
32353261643363333463313339663162653766383833656462653335366130613338663937383431
62326439356261656461383539366163373862626135653737316162306136303736363234373837
64353930393935613335386239633632643562346461326232376661656130336662336362373537
62663733366337343736346234393636386564623331313837643161643237623130383230393064
36353563343765636138306335623830343337636238336533386238373538383836623962613436
36323733356532306164303531656161333161316437313636663661333331643034663665353065
35653233326539383839356132356534653239363865643363353362333966353266633633353939
30336436306436323961656439356565363962343461623931643833663330613730633161343031
63646339626331653561666132373831636636626239366366373432346564353331623535366266
66663566393839633733306632393935323235323636336565626366653162353037643334303266
64306234626138643333383465646161633431666534663363333834613966623736643337663438
61356434626634323534386630643639666539333039386164313137623731313231646139306531
65656665373235623765353262613931646463326531633365663638633533366531633439373563
65613939323839396135653265343737383133346166393039303335343061656462333231326633
64616239366565313265393766313538373465623938633931313763373736326630366433376431
65353430333431353464323337323036366632616166353731306639663762643138343032343233
38623132363664663932356261366231396530363366343563366334303830393965303066643561
38643366663962343231613962643962393463656338343866623163636231323933366133663330
61386363646337626633666166393139623935353231353665306666643264636636636535653038
36663439353332636133656632323161646363663836363939316566363166353535313534363162
32623332303932636431363439643735643136613531643538393535356337363732656639343162
62663532333935306236383566333636623639613538346234636130623266346132633633353663
33396365303165636661626430663132666432663530656232366563356639656536336332316333
64653931393038356136633566393539336265656632383038656334643666393563336237346432
38363061646632396264633633363061383066383034656139333335326438353861653464333139
35343063376539333166393131613565336331336234663163386538346539653732633966393131
35363935396436333364346164323330306461343037343265333864323334303831306635626233
38393031663936626136613133613932376535336530343335643734663966303366326634626563
33353134326238333539353535656134366135626635653965366534653037616431646562663837
33633439363834643230366265323734643164613163373965383537336365616230316330666264
64623836623734623663306338626439646565353837366161623030646332393732616633653131
30666334393239613761373039363237383565343065396461316261653235323963613062333239
63336237336139386439343866303363356131306464313237303363643030373966313461393931
66616464313431326464666136326438643932633361326666656630646430313431376439306466
31636639313062316136316535636437616665323536306334396434373935643439646561383931
36306262646432643964323230316165623332663235396139396265396236383331383461356630
31323364353862616536646166656438623634343839353933353930636264343038636434626164
65303136343739643930353634396139636630643336613362656261656335663039633261653532
37336263363634643730643163383065626466613538646630633334656638383637333939343333
61316433323966306263386638613661346130386663626539393963663238623139363832646533
37316536386438626634366534626139393439646438386363616262636237653464393562393936
63663761363830373836346538383964376132303932336136656162333665643333346162646333
31373337393734393465313435333162303130663962636365656436313164376163
