$ANSIBLE_VAULT;1.1;AES256
38353836653232633433393062333161663736333837373437336232383838356230396335353231
3937623239366630363562643661656436653533626232350a663733363932303234663033623039
33643737646131656232643762323038356561346664636530356632373937613165393266643438
6431626432393334300a373564646130623335313134353332366365323233323236393231393933
39356434663339383262656434623863386162376635353837663465356539333964613237366538
39323131373037616230656561373336303130623664653265303338313831646563323435343666
63633862316537373232313665643637356166653436626664623839333333613936326164623335
31666563643734363862393639366161633930333139373438666263346335633631373131623366
64646535363338656464343636353065656661626163383265633332626536363763376138336636
35326666623833643731356234313239373263613432643566373130613730653664323766363265
36626235326332373965666330353432323366633364373533653433313936363362666136343562
31616332643130323064666533373066626139613166353936313262316366333037643761386161
34633434623337653736373566316131666638623364633561376161323937373338333538373537
63376532613761313364313932643532623564316434653131646663623630623761623563356363
61303132393166336432623138363037623239656134663630326537306361303933306236313239
64313237636565356261336637663366353639363638393934663337353661373665393130343764
35643533623466323763306137373530636130366534383531643437303132633338323663306234
34333634643764316538353364356237343163663032303038633765613934353662303934663534
63306165653963373738393465663231646266313333353033616234333039616230373063636332
31663338653338373133376663326562656664343330313232633031663433303165313462623264
30653330323535613464343832623263643663393562393432363133393534353431336163623134
32616365396261663236636233323534626661346532663333623630633930306135336637383166
61306332633130306563333531623731313535616535326538626362373534343336346261353938
32386235363762313064323932633136343465313233663766353263323962386136656634326566
64613664333435633638643462323434653735326365323232303865353363373131353031373962
30663163363966376130373735333235643639663830373133313465663937616230623963346166
64653335393131666232613165363761353865653231363930666630363130303631353836613837
35633530313264386131393265643133363462383961616237356566363761336231383531386136
32306338363031343135363536666166353934336264636561386533353136316662643162326139
37326266633035393737663161623933316636613062343536333232346165663137656637316539
63326133356436633737653537353739343562616265316536306536633932303638636336363930
37653738613735366165396435626166353935376365323865613164623332376332633139333938
36626132613132663533303864653966343161633937323261303033323866376639326461313931
33383533356166663638343664396132656265353739313733333934366438313236366166366463
34366163306239323139376566343031383938333131646333646636316239653761653361383661
33663062303663343961623862636363316237623934393339323964326430346637356536333061
65636666663533323232363430313461616534613333623638383665353931633239643762633039
62616331386166363536343439303861346632323432353130353366383837316334363731323563
32663563376230303666633862393662353136313839643264643032303838343233353132316237
64333938343833323561306433376135383832633833643334616133393836313439366565383036
32613739646532623161373965383961653565363536343465323132336538313661353730303138
37653061646539623637333064383632376664656361613161326535653932613330313231383362
32303339643433653864363364316538313838623333316430373034643832663732663966386331
30363134316561626230663437666531363230333432333461666430363366346366366632393535
39643161373136623530356131323666336663356637396535646361376461333363626230333062
36393463343663396564633865376666346538363333633132646562306631653235373834346538
31336562323463306562373733633265623638373837303066343166653938643233343065396666
64336165313932656266383634353037336239333764326233616565666333356432646134643064
62653633623030353561653036313934656233333235393235386436336535626335323266623330
31623763373862316665313562613433326131346664346466316333613237623666346366363832
63653333623636393539613032396165386431613561336265396437653335306362333565353266
39636266646239306662643135343339313635663830656138363566626531333663656636333231
35666364346437376639363634386138343736366366633239623138313732666161326231376436
33356134643861363231363766333133666133343661363462313439343864383237303466366235
61616161336536323563336636303764393338363738616362366633373338383563653264393166
39316538303730336261
